25-00 0.00001 3 32
25-01 0.00001 3 32
25-02 0.00001 5 32
25-03 0.00001 5 32
25-04 0.00001 7 32
25-05 0.00001 7 32
25-06 0.00001 9 32
25-07 0.00001 9 32
25-08 0.00001 3 32 32
25-09 0.00001 3 32 32
25-10 0.00001 5 32 32
25-11 0.00001 5 32 32
25-12 0.00001 7 32 32
25-13 0.00001 7 32 32
25-14 0.00001 9 32 32
25-15 0.00001 9 32 32
25-16 0.00001 3 32 64 128 256
25-17 0.00001 3 32 64 128 256
25-18 0.00001 3 32 32 64 64 128 128 256 256
25-19 0.00001 3 32 32 64 64 128 128 256 256
25-20 0.00001 5 32 64 128 256
25-21 0.00001 5 32 64 128 256
25-22 0.00001 5 32 32 64 64 128 128 256 256
25-23 0.00001 5 32 32 64 64 128 128 256 256
